Call:
rpart(formula = sellprice ~ numlvl + bathnum + bednum + yrbuilt + 
    landsz + condtn + housesz, data = housedetails, method = "class")
  n= 210 

          CP nsplit rel error   xerror        xstd
1 0.01960784      0 1.0000000 1.014706 0.008429581
2 0.01000000      1 0.9803922 1.024510 0.004890276

Variable importance
housesz  landsz  bednum bathnum  numlvl yrbuilt 
     36      22      14      13       7       7 

Node number 1: 210 observations,    complexity param=0.01960784
  predicted class=650000  expected loss=0.9714286  P(node) =1
    class counts:     1     1     2     2     1     1     2     1     1     2     3     1     1     2     1     1     2     1     5     1     2     1     3     1     6     2     3     1     1     3     2     2     1     1     1     2     2     1     1     4     1     1     2     1     1     1     2     1     2     2     2     1     1     1     1     1     2     1     1     2     1     1     1     1     2     2     3     1     2     1     2     2     1     1     2     1     1     3     1     1     1     3     4     1     3     1     3     1     1     1     1     1     3     1     1     1     1     1     3     3     1     1     1     2     1     1     1     1     2     3     1     1     2     2     1     1     1     1     2     1     2     1     1     1     1     2     1     1     1     1     1     1     1     1     1     1     1
   probabilities: 0.005 0.005 0.010 0.010 0.005 0.005 0.010 0.005 0.005 0.010 0.014 0.005 0.005 0.010 0.005 0.005 0.010 0.005 0.024 0.005 0.010 0.005 0.014 0.005 0.029 0.010 0.014 0.005 0.005 0.014 0.010 0.010 0.005 0.005 0.005 0.010 0.010 0.005 0.005 0.019 0.005 0.005 0.010 0.005 0.005 0.005 0.010 0.005 0.010 0.010 0.010 0.005 0.005 0.005 0.005 0.005 0.010 0.005 0.005 0.010 0.005 0.005 0.005 0.005 0.010 0.010 0.014 0.005 0.010 0.005 0.010 0.010 0.005 0.005 0.010 0.005 0.005 0.014 0.005 0.005 0.005 0.014 0.019 0.005 0.014 0.005 0.014 0.005 0.005 0.005 0.005 0.005 0.014 0.005 0.005 0.005 0.005 0.005 0.014 0.014 0.005 0.005 0.005 0.010 0.005 0.005 0.005 0.005 0.010 0.014 0.005 0.005 0.010 0.010 0.005 0.005 0.005 0.005 0.010 0.005 0.010 0.005 0.005 0.005 0.005 0.010 0.005 0.005 0.005 0.005 0.005 0.005 0.005 0.005 0.005 0.005 0.005 
  left son=2 (100 obs) right son=3 (110 obs)
  Primary splits:
      housesz < 1792.5 to the left,  improve=1.987792, (0 missing)
      landsz  < 4639.5 to the left,  improve=1.582540, (0 missing)
      bednum  < 4.5    to the left,  improve=1.420848, (0 missing)
      yrbuilt < 2004.5 to the left,  improve=1.269048, (0 missing)
      bathnum < 2.5    to the left,  improve=1.147683, (0 missing)
  Surrogate splits:
      landsz  < 4999   to the left,  agree=0.814, adj=0.61, (0 split)
      bednum  < 3.5    to the left,  agree=0.714, adj=0.40, (0 split)
      bathnum < 2.5    to the left,  agree=0.695, adj=0.36, (0 split)
      numlvl  < 1.5    to the left,  agree=0.619, adj=0.20, (0 split)
      yrbuilt < 2004.5 to the left,  agree=0.619, adj=0.20, (0 split)

Node number 2: 100 observations
  predicted class=650000  expected loss=0.94  P(node) =0.4761905
    class counts:     1     1     2     2     1     1     2     1     1     2     3     1     1     2     1     1     2     1     5     1     2     1     3     1     6     2     3     1     1     3     2     2     1     1     1     2     2     1     1     4     1     1     1     1     1     1     2     1     2     2     2     1     0     1     1     1     1     0     1     0     0     1     1     1     0     1     0     1     0     0     0     0     0     0     0     0     0     0     0     0     0     0     0     1     0     0     0     1     0     0     0     0     0     0     0     0     0     0     0     0     0     0     0     0     0     0     0     0     0     0     0     0     0     0     0     0     0     0     0     0     0     0     0     0     0     0     0     0     0     0     0     0     0     0     0     0     0
   probabilities: 0.010 0.010 0.020 0.020 0.010 0.010 0.020 0.010 0.010 0.020 0.030 0.010 0.010 0.020 0.010 0.010 0.020 0.010 0.050 0.010 0.020 0.010 0.030 0.010 0.060 0.020 0.030 0.010 0.010 0.030 0.020 0.020 0.010 0.010 0.010 0.020 0.020 0.010 0.010 0.040 0.010 0.010 0.010 0.010 0.010 0.010 0.020 0.010 0.020 0.020 0.020 0.010 0.000 0.010 0.010 0.010 0.010 0.000 0.010 0.000 0.000 0.010 0.010 0.010 0.000 0.010 0.000 0.010 0.000 0.000 0.000 0.000 0.000 0.000 0.000 0.000 0.000 0.000 0.000 0.000 0.000 0.000 0.000 0.010 0.000 0.000 0.000 0.010 0.000 0.000 0.000 0.000 0.000 0.000 0.000 0.000 0.000 0.000 0.000 0.000 0.000 0.000 0.000 0.000 0.000 0.000 0.000 0.000 0.000 0.000 0.000 0.000 0.000 0.000 0.000 0.000 0.000 0.000 0.000 0.000 0.000 0.000 0.000 0.000 0.000 0.000 0.000 0.000 0.000 0.000 0.000 0.000 0.000 0.000 0.000 0.000 0.000 

Node number 3: 110 observations
  predicted class=800000  expected loss=0.9636364  P(node) =0.5238095
    class counts:     0     0     0     0     0     0     0     0     0     0     0     0     0     0     0     0     0     0     0     0     0     0     0     0     0     0     0     0     0     0     0     0     0     0     0     0     0     0     0     0     0     0     1     0     0     0     0     0     0     0     0     0     1     0     0     0     1     1     0     2     1     0     0     0     2     1     3     0     2     1     2     2     1     1     2     1     1     3     1     1     1     3     4     0     3     1     3     0     1     1     1     1     3     1     1     1     1     1     3     3     1     1     1     2     1     1     1     1     2     3     1     1     2     2     1     1     1     1     2     1     2     1     1     1     1     2     1     1     1     1     1     1     1     1     1     1     1
   probabilities: 0.000 0.000 0.000 0.000 0.000 0.000 0.000 0.000 0.000 0.000 0.000 0.000 0.000 0.000 0.000 0.000 0.000 0.000 0.000 0.000 0.000 0.000 0.000 0.000 0.000 0.000 0.000 0.000 0.000 0.000 0.000 0.000 0.000 0.000 0.000 0.000 0.000 0.000 0.000 0.000 0.000 0.000 0.009 0.000 0.000 0.000 0.000 0.000 0.000 0.000 0.000 0.000 0.009 0.000 0.000 0.000 0.009 0.009 0.000 0.018 0.009 0.000 0.000 0.000 0.018 0.009 0.027 0.000 0.018 0.009 0.018 0.018 0.009 0.009 0.018 0.009 0.009 0.027 0.009 0.009 0.009 0.027 0.036 0.000 0.027 0.009 0.027 0.000 0.009 0.009 0.009 0.009 0.027 0.009 0.009 0.009 0.009 0.009 0.027 0.027 0.009 0.009 0.009 0.018 0.009 0.009 0.009 0.009 0.018 0.027 0.009 0.009 0.018 0.018 0.009 0.009 0.009 0.009 0.018 0.009 0.018 0.009 0.009 0.009 0.009 0.018 0.009 0.009 0.009 0.009 0.009 0.009 0.009 0.009 0.009 0.009 0.009 

